1
1
1
1
1
1
1
1
1
1
1
1
1
1
1
1
1
1
1
1
1
1
1
1
1
1
1
1
1
1
1
1
1
1
1
1
1
1
1
1
3
1
9
10
18
1
9
98
1
71
1
1
1
8
1
1
21
1
1
1
33
22
84
21
1
65
1
18
1
1
1
99
1
28
1
1
1
1
1
77
77
1
1
1
1
1
14
1
6
1
5
39
29
17
4
1
1
1
1
1
1
1
1
1
1
1
1
1
1
1
1
1
1
1
1
1
1
10
10
1
20
14
14
4
1
1
18
18
1
8
1
1
20
1
4
7
9
7
1
13
73
38
16
36
1
1
1
1
1
1
20
29
97
1
1
22
1
7
1
1
1
1
1
1
1
1
1
1
1
1
1
1
1
1
1
1
1
1
1
1
1
1
1
3
1
10
7
11
1
1
1
1
1
1
2
1
3
1
1
1
1
1
1
1
1
1
1
1
1
1
1
1
1
1
1
1
1
1
1
1
1
1
1
1
1
1
1
1
3
12
1
1
87
118
1
56
157
144
1
30
1
1
1
41
1
1
1
1
112
46
144
1
51
55
47
73
1
1
1
90
1
1
1
1
14
39
10
1
1
36
19
1
1
1
1
37
1
1
1
39
26
16
11
1
1
3
1
1
1
1
1
1
1
1
1
1
1
1
1
1
1
1
1
1
5
6
1
16
8
7
1
1
14
20
9
1
1
1
1
1
1
1
1
36
8
1
1
1
18
15
2
7
21
13
14
28
16
1
1
1
1
1
17
39
31
1
1
1
1
1
1
1
1
1
1
1
1
1
2
1
3
1
1
1
1
1
1
1
1
1
3
1
1
1
1
5
1
9
1
1
8
1
8
1
1
1
1
1
1
1
1
1
1
1
1
1
1
1
1
1
1
1
1
1
1
1
1
1
1
1
1
1
1
1
1
1
1
1
1
1
1
1
1
1
1
1
1
1
1
1
1
1
1
1
1
1
1
1
1
1
1
1
1
1
1
1
1
1
1
1
1
1
1
1
1
1
1
1
1
1
1
1
1
1
1
1
1
1
1
1
1
1
1
1
1
1
1
1
1
1
1
1
1
1
1
1
1
1
1
1
1
1
1
1
1
1
1
1
1
1
1
1
1
1
1
1
1
1
1
1
1
1
1
1
1
1
1
1
1
1
1
1
1
1
1
1
1
1
1
1
1
1
1
1
1
1
1
1
1
1
1
1
1
1
1
1
1
1
1
1
1
1
1
1
1
1
1
1
1
1
1
1
1
1
1
1
1
1
1
1
1
1
1
1
1
1
1
1
1